0
45
10
15
14
17
65
66
7
5
36

1
45
71
42
36
1
5
9
3

2
41
2
6
3
25
55
43
41
40

3
41
52
63
70
69
90

4
0
10
20
1
3
55
56

5
4
26
2
9
58
65
63
62
61
60
44
45

6
40
5
55
6
65
20
41
56
70
1
3
15
16
19

7
20
21
11
12
33
9
63
69
70
7
46

8
5
4
3
2
1
0
44
45
46
9
10
11
12

9
5
8
33
32
31
35
70
25
28
29

10
4
9
6
66
64
67
22
23
21
25
24
2

11
15
61
2
3
56
54
57
40
31
30
32

12
15
14
16
17
13
69

13
12
13
14
15
16
17
18
19
20

14
41
40
13
70
62
61
60

15
14
15
16
17
12
0
1
2
3
4
5

16
15
0
1
2
3
4
58
59
54
56
63
60
61
45
40
41
42

17
22

18
3

19
6

20
3

21
47

22
21

23
12
3
4
66
6
68
9

24
3
6
7
66
70
63
61
64
21
20

25
11
14
17
1

26
44
2
1
3
45
6
66

27
45
7
1
4
15

28
61
6
62
63
16

29
31

30
51
52

31
2

32
45
65

33
21

34
5

35
69
65
21

36
1

37
0
63

38
0
39

39
69
0

40
1
2
12
13
14

41
2

42
4
6
8
7
23

43
5
56
4

44
65
6
26
33
2
21

45
6

46
2

47
3

48
8

49
9

50
23
49

51
2
3
4
35

52
4

53
2

54
0

55
69
4
70

56
9

57
7
5

58
6

59
3

60
4
23
44
56

61
2
3
55
44
66

62
4
63

63
4

64
58
5

65
9
47

66
3

67
4

68
56
65

69
1

70
0